

integer, parameter :: nlev_o3=59, nlat_o3=32


real, parameter :: lat_o3(nlat_o3) = &
[87.86380,85.09650,82.31290,79.52560,76.73690, &
73.94750,71.15770,68.36780,65.57760,62.78730, &
59.99700,57.20660,54.41620,51.62570,48.83520, &
46.04470,43.25420,40.46360,37.67310,34.88250, &
32.09190,29.30140,26.51080,23.72020,20.92960, &
18.13900,15.34840,12.55780,9.767100,6.976500, &
4.185900,1.395300]

real, parameter :: level_o3(nlev_o3) = &
[0.2841910,0.3253500,0.3719360,0.4246150,0.4841530, &
0.5514320,0.6274900,0.7135420,0.8110390,0.9216990, &
1.047570,1.191080,1.355110,1.543050,1.758910, &
2.007390,2.294030,2.625290,3.008840,3.453690, &
3.970500,4.571900,5.272780,6.090730,7.046360, &
8.163710,9.470750,11.00000,12.78940,14.88320, &
17.33420,20.20390,23.56590,27.50660,32.12830, &
37.55090,43.91500,51.38400,60.14830,70.42890, &
82.48300,96.60960,113.1550,132.5140,155.1220, &
181.4450,211.9470,247.0790,287.2730,332.9560, &
384.5730,442.6100,507.6010,580.1320,660.8370, &
750.3930,849.5210,958.9810,1003.690]

real, parameter :: con_amo3=47.9982, con_amd=28.9644, amdo3=con_amd/con_amo3, r_amdo3=1./amdo3
  
real, parameter :: o3(nlat_o3,nlev_o3) =  r_amdo3 * (5.2325272E-06 +  1.5924172E-10 * &
[-24590, -24657, -24716, -24747, -24774, -24655, -24473, -24320, -24131, -23970, -23874, -23814, -23681, -23567, -23402,  &
-23291, -23239, -23121, -22897, -22823, -22788, -22749, -22772, -22863, -22940, -23000, -23091, -23200, -23246, -23282,  &
-23334, -23357, -23751, -23810, -23859, -23881, -23911, -23782, -23583, -23412, -23201, -23025, -22899, -22832, -22707,  &
-22602, -22442, -22339, -22303, -22205, -21996, -21914, -21873, -21818, -21835, -21936, -22028, -22105, -22220, -22355,  &
-22424, -22478, -22533, -22557, -22861, -22923, -22976, -23001, -23045, -22910, -22696, -22513, -22284, -22089, -21929,  &
-21841, -21714, -21616, -21477, -21393, -21372, -21283, -21074, -20988, -20944, -20879, -20893, -20999, -21106, -21207,  &
-21341, -21495, -21584, -21654, -21719, -21749, -21940, -22015, -22080, -22121, -22193, -22057, -21833, -21636, -21378,  &
-21150, -20952, -20835, -20693, -20594, -20477, -20416, -20416, -20335, -20122, -20037, -20002, -19972, -20013, -20129,  &
-20248, -20362, -20507, -20671, -20783, -20872, -20941, -20973, -20966, -21056, -21136, -21188, -21261, -21115, -20871,  &
-20658, -20388, -20149, -19927, -19787, -19635, -19534, -19434, -19394, -19415, -19348, -19138, -19050, -19022, -19029,  &
-19095, -19210, -19333, -19454, -19606, -19777, -19902, -20001, -20078, -20114, -19966, -20059, -20142, -20195, -20270,  &
-20109, -19839, -19607, -19322, -19072, -18829, -18677, -18522, -18424, -18329, -18298, -18333, -18277, -18071, -17976,  &
-17948, -17986, -18073, -18185, -18311, -18440, -18598, -18779, -18909, -19011, -19091, -19128, -18912, -18999, -19076,  &
-19124, -19208, -19023, -18718, -18456, -18148, -17887, -17614, -17454, -17305, -17214, -17114, -17085, -17128, -17083,  &
-16879, -16775, -16748, -16823, -16936, -17051, -17184, -17322, -17485, -17669, -17796, -17894, -17973, -18008, -17803,  &
-17867, -17920, -17947, -18027, -17827, -17490, -17189, -16851, -16576, -16272, -16088, -15919, -15817, -15718, -15690,  &
-15738, -15714, -15529, -15415, -15386, -15489, -15619, -15729, -15869, -16022, -16197, -16394, -16516, -16607, -16676,  &
-16704, -16591, -16633, -16664, -16670, -16748, -16504, -16112, -15764, -15396, -15109, -14777, -14603, -14463, -14375,  &
-14243, -14203, -14262, -14252, -14068, -13967, -13961, -14113, -14285, -14420, -14580, -14747, -14902, -15072, -15185,  &
-15264, -15319, -15337, -15296, -15300, -15294, -15253, -15279, -15027, -14595, -14191, -13792, -13502, -13127, -12921,  &
-12711, -12582, -12469, -12447, -12520, -12521, -12335, -12260, -12280, -12415, -12586, -12734, -12927, -13142, -13280,  &
-13415, -13545, -13632, -13654, -13651, -13876, -13827, -13767, -13686, -13736, -13409, -12897, -12436, -11985, -11647,  &
-11236, -11020, -10780, -10614, -10436, -10423, -10567, -10610, -10440, -10359, -10386, -10564, -10784, -10990, -11204,  &
-11411, -11574, -11745, -11840, -11903, -11962, -11979, -12342, -12220, -12086, -11925, -11899, -11488, -10895, -10389,  &
 -9880,  -9478,  -9005,  -8757,  -8514,  -8364,  -8207,  -8199,  -8351,  -8420,  -8267,  -8240,  -8325,  -8533,  -8772,  &
 -8971,  -9218,  -9490,  -9683,  -9876,  -9942,  -9982, -10060, -10086, -10673, -10460, -10231,  -9974,  -9880,  -9392,  &
 -8706,  -8118,  -7532,  -7072,  -6546,  -6292,  -6026,  -5861,  -5679,  -5680,  -5889,  -6000,  -5865,  -5886,  -6021,  &
 -6239,  -6496,  -6721,  -6961,  -7199,  -7462,  -7757,  -7839,  -7896,  -8018,  -8071,  -8955,  -8685,  -8400,  -8071,  &
 -7869,  -7274,  -6478,  -5792,  -5089,  -4525,  -3912,  -3570,  -3232,  -3012,  -2799,  -2811,  -3054,  -3193,  -3062,  &
 -3085,  -3232,  -3451,  -3729,  -3996,  -4293,  -4597,  -4886,  -5196,  -5347,  -5454,  -5557,  -5598,  -7397,  -7030,  &
 -6645,  -6195,  -5814,  -5095,  -4145,  -3297,  -2462,  -1797,  -1085,   -668,   -276,     -7,    278,    304,     47,  &
   -60,    141,    119,    -45,   -299,   -608,   -885,  -1235,  -1621,  -1883,  -2139,  -2423,  -2638,  -2744,  -2785,  &
 -6094,  -5598,  -5082,  -4469,  -3858,  -3009,  -1892,   -864,    114,    900,   1703,   2243,   2720,   3072,   3489,  &
  3620,   3406,   3317,   3555,   3555,   3403,   3174,   2868,   2569,   2190,   1771,   1513,   1269,    871,    574,  &
   502,    485,  -4916,  -4329,  -3720,  -2986,  -2157,  -1115,    194,   1397,   2517,   3416,   4344,   5052,   5616,  &
  6047,   6585,   6838,   6691,   6707,   7093,   7134,   7013,   6877,   6620,   6308,   5925,   5510,   5212,   4911,  &
  4485,   4155,   3997,   3930,  -4054,  -3340,  -2598,  -1732,   -812,    354,   1827,   3208,   4495,   5630,   6737,  &
  7617,   8289,   8805,   9433,   9802,   9737,   9903,  10491,  10647,  10617,  10534,  10329,  10085,   9757,   9389,  &
  9051,   8680,   8283,   7974,   7773,   7683,  -3575,  -2779,  -1953,   -985,     81,   1338,   2910,   4465,   5940,  &
  7293,   8549,   9573,  10444,  11127,  11857,  12357,  12430,  12707,  13419,  13768,  13916,  13959,  13860,  13696,  &
 13437,  13130,  12826,  12478,  12182,  11971,  11827,  11774,  -3286,  -2457,  -1593,   -591,    498,   1792,   3486,  &
  5326,   7005,   8531,   9940,  11087,  12014,  12757,  13619,  14280,  14479,  14902,  15791,  16355,  16707,  16906,  &
 16970,  16990,  16839,  16584,  16372,  16121,  15953,  15855,  15741,  15710,  -3173,  -2352,  -1496,   -470,    770,  &
  2167,   3966,   5890,   7668,   9308,  10829,  12034,  13012,  13799,  14707,  15455,  15767,  16355,  17447,  18163,  &
 18680,  19151,  19454,  19660,  19692,  19621,  19584,  19500,  19311,  19221,  19229,  19274,  -3260,  -2442,  -1587,  &
  -556,    713,   2143,   3989,   5938,   7780,   9497,  11104,  12345,  13374,  14207,  15127,  15955,  16445,  17155,  &
 18359,  19344,  20132,  20811,  21335,  21791,  22063,  22224,  22339,  22379,  22201,  22127,  22166,  22233,  -3475,  &
 -2730,  -1952,   -991,    278,   1746,   3644,   5635,   7525,   9261,  10914,  12229,  13361,  14288,  15231,  16075,  &
 16644,  17542,  18990,  20179,  21172,  22060,  22817,  23550,  24074,  24469,  24709,  24839,  24748,  24747,  24782,  &
 24849,  -3771,  -3110,  -2418,  -1560,   -413,   1023,   2893,   4944,   6939,   8692,  10421,  11822,  13007,  14004,  &
 15013,  15939,  16674,  17756,  19404,  20729,  21874,  23004,  24023,  25049,  25897,  26641,  27086,  27375,  27246,  &
 27171,  26977,  26908,  -4239,  -3645,  -3023,  -2259,  -1267,    118,   1944,   4022,   6070,   7894,   9640,  11080,  &
 12356,  13438,  14511,  15564,  16476,  17680,  19436,  20952,  22298,  23594,  24827,  26155,  27265,  28239,  28910,  &
 29420,  29298,  29211,  28929,  28809,  -4805,  -4266,  -3703,  -3037,  -2242,   -855,    977,   3098,   5147,   6978,  &
  8769,  10269,  11534,  12635,  13805,  14959,  15957,  17253,  19104,  20777,  22290,  23734,  25138,  26675,  27995,  &
 29178,  30111,  30903,  30947,  31003,  30763,  30670,  -5423,  -4921,  -4397,  -3783,  -3078,  -1760,      6,   2092,  &
  4116,   5955,   7780,   9338,  10645,  11791,  13019,  14223,  15237,  16612,  18565,  20347,  21968,  23463,  24923,  &
 26528,  27974,  29331,  30538,  31641,  31995,  32319,  32156,  32112,  -6092,  -5615,  -5118,  -4527,  -3829,  -2610,  &
  -933,   1063,   2997,   4792,   6599,   8174,   9474,  10623,  11861,  13096,  14179,  15583,  17543,  19343,  20997,  &
 22570,  24117,  25818,  27364,  28824,  30103,  31271,  31848,  32419,  32602,  32767,  -6787,  -6327,  -5847,  -5273,  &
 -4586,  -3382,  -1781,     58,   1876,   3596,   5341,   6878,   8177,   9327,  10541,  11701,  12679,  13969,  15792,  &
 17470,  18998,  20417,  21794,  23292,  24726,  26152,  27371,  28476,  29253,  29985,  30133,  30273,  -7579,  -7132,  &
 -6666,  -6109,  -5464,  -4395,  -2933,  -1233,    482,   2141,   3843,   5348,   6531,   7590,   8729,   9799,  10723,  &
 11879,  13510,  15015,  16376,  17655,  18863,  20128,  21375,  22652,  23696,  24617,  25240,  25832,  25933,  26042,  &
 -8465,  -8013,  -7541,  -6974,  -6324,  -5354,  -4014,  -2451,   -864,    684,   2274,   3676,   4774,   5754,   6830,  &
  7790,   8542,   9482,  10851,  12078,  13161,  14175,  15107,  16071,  17004,  17948,  18691,  19323,  19641,  19977,  &
 20092,  20205,  -9458,  -9013,  -8550,  -7989,  -7339,  -6428,  -5199,  -3812,  -2346,   -920,    511,   1742,   2721,  &
  3564,   4461,   5230,   5775,   6424,   7435,   8390,   9194,   9836,  10390,  10953,  11470,  11979,  12316,  12552,  &
 12613,  12718,  12760,  12823, -10513, -10088,  -9647,  -9114,  -8508,  -7658,  -6539,  -5330,  -4001,  -2753,  -1510,  &
  -437,    387,   1069,   1739,   2252,   2551,   2925,   3616,   4252,   4733,   5016,   5200,   5362,   5453,   5510,  &
  5438,   5286,   5186,   5116,   4951,   4882, -11595, -11241, -10873, -10436,  -9940,  -9023,  -7938,  -6931,  -5816,  &
 -4778,  -3770,  -2937,  -2250,  -1733,  -1332,  -1091,  -1027,   -888,   -467,   -191,    -69,   -133,   -292,   -484,  &
  -768,  -1104,  -1417,  -1755,  -2004,  -2204,  -2388,  -2473, -12825, -12524, -12212, -11861, -11523, -10670,  -9706,  &
 -8855,  -7891,  -6989,  -6139,  -5540,  -5043,  -4715,  -4537,  -4564,  -4778,  -4921,  -4815,  -4839,  -5003,  -5356,  &
 -5805,  -6312,  -6880,  -7472,  -7893,  -8285,  -8612,  -8877,  -9037,  -9113, -14144, -13909, -13666, -13371, -13040,  &
-12317, -11500, -10747,  -9907,  -9156,  -8500,  -8152,  -7873,  -7767,  -7847,  -8126,  -8576,  -8991,  -9199,  -9489,  &
 -9899, -10502, -11173, -11885, -12601, -13294, -13760, -14173, -14467, -14706, -14844, -14911, -15691, -15460, -15222,  &
-14919, -14574, -14051, -13426, -12834, -12202, -11644, -11194, -10940, -10823, -10897, -11235, -11754, -12399, -13042,  &
-13513, -14048, -14665, -15398, -16179, -16990, -17734, -18407, -18861, -19259, -19523, -19725, -19774, -19793, -17480,  &
-17264, -17040, -16748, -16413, -16019, -15526, -15070, -14618, -14229, -13995, -13894, -13973, -14238, -14758, -15432,  &
-16233, -17043, -17706, -18438, -19200, -19973, -20758, -21540, -22198, -22754, -23170, -23543, -23747, -23894, -23882,  &
-23867, -19341, -19193, -19040, -18789, -18364, -18088, -17734, -17421, -17134, -16913, -16828, -16866, -17149, -17594,  &
-18254, -19027, -19899, -20795, -21563, -22430, -23275, -24055, -24789, -25461, -26011, -26468, -26809, -27112, -27269,  &
-27375, -27328, -27294, -21323, -21208, -21092, -20889, -20547, -20398, -20183, -20018, -19872, -19802, -19829, -19933,  &
-20259, -20734, -21444, -22259, -23126, -24047, -24855, -25762, -26596, -27327, -27978, -28545, -28979, -29322, -29592,  &
-29830, -29941, -30010, -29956, -29919, -23392, -23289, -23184, -23015, -22775, -22694, -22570, -22527, -22481, -22482,  &
-22547, -22694, -23052, -23526, -24216, -25006, -25810, -26656, -27393, -28229, -28957, -29560, -30070, -30495, -30806,  &
-31041, -31220, -31373, -31449, -31499, -31472, -31453, -24824, -24790, -24758, -24686, -24577, -24578, -24650, -24769,  &
-24882, -25030, -25209, -25446, -25773, -26164, -26661, -27197, -27733, -28340, -29010, -29667, -30224, -30665, -30999,  &
-31280, -31488, -31648, -31776, -31863, -31911, -31946, -31947, -31950, -26029, -26045, -26063, -26057, -26036, -26095,  &
-26293, -26510, -26713, -26936, -27165, -27432, -27717, -28033, -28393, -28757, -29114, -29553, -30141, -30654, -31074,  &
-31396, -31616, -31799, -31939, -32048, -32138, -32187, -32218, -32244, -32256, -32269, -27044, -27094, -27146, -27184,  &
-27220, -27319, -27595, -27865, -28113, -28366, -28607, -28869, -29112, -29364, -29625, -29872, -30110, -30430, -30935,  &
-31331, -31647, -31881, -32026, -32145, -32238, -32312, -32376, -32404, -32424, -32442, -32458, -32473, -28576, -28614,  &
-28654, -28684, -28712, -28782, -28973, -29160, -29332, -29507, -29674, -29868, -30048, -30235, -30426, -30608, -30783,  &
-31023, -31408, -31708, -31946, -32122, -32233, -32325, -32393, -32446, -32492, -32509, -32521, -32531, -32541, -32550,  &
-29645, -29674, -29706, -29730, -29754, -29802, -29931, -30058, -30173, -30292, -30404, -30552, -30691, -30833, -30975,  &
-31109, -31238, -31417, -31705, -31933, -32116, -32253, -32341, -32414, -32469, -32510, -32545, -32558, -32566, -32574,  &
-32581, -32587, -30574, -30595, -30619, -30637, -30656, -30691, -30781, -30870, -30949, -31030, -31107, -31207, -31300,  &
-31394, -31487, -31575, -31660, -31777, -31970, -32126, -32255, -32355, -32422, -32479, -32521, -32552, -32580, -32589,  &
-32596, -32601, -32607, -32611, -31418, -31431, -31447, -31459, -31471, -31496, -31561, -31623, -31678, -31733, -31785,  &
-31834, -31880, -31927, -31970, -32014, -32057, -32115, -32211, -32295, -32370, -32432, -32478, -32519, -32549, -32571,  &
-32592, -32600, -32605, -32609, -32613, -32616, -31943, -31952, -31962, -31970, -31977, -31996, -32043, -32087, -32125,  &
-32162, -32196, -32220, -32241, -32261, -32279, -32297, -32317, -32342, -32384, -32422, -32459, -32494, -32526, -32554,  &
-32574, -32589, -32603, -32609, -32613, -32616, -32619, -32622, -32217, -32224, -32231, -32236, -32241, -32252, -32278,  &
-32303, -32325, -32346, -32366, -32377, -32387, -32396, -32404, -32412, -32422, -32435, -32458, -32480, -32502, -32525,  &
-32548, -32568, -32583, -32595, -32607, -32612, -32616, -32620, -32623, -32626, -32386, -32390, -32395, -32399, -32402,  &
-32406, -32417, -32428, -32438, -32448, -32458, -32461, -32464, -32467, -32469, -32472, -32476, -32483, -32498, -32512,  &
-32527, -32543, -32559, -32574, -32586, -32597, -32607, -32613, -32617, -32621, -32625, -32629, -32506, -32510, -32513,  &
-32516, -32518, -32519, -32521, -32523, -32525, -32527, -32530, -32529, -32528, -32527, -32525, -32524, -32524, -32525,  &
-32533, -32541, -32550, -32560, -32570, -32580, -32589, -32598, -32606, -32613, -32618, -32623, -32628, -32632, -32590,  &
-32592, -32595, -32597, -32598, -32597, -32594, -32592, -32589, -32587, -32586, -32582, -32579, -32575, -32571, -32566,  &
-32563, -32561, -32564, -32567, -32571, -32576, -32581, -32586, -32592, -32600, -32607, -32614, -32620, -32626, -32631,  &
-32636, -32613, -32615, -32618, -32620, -32621, -32619, -32616, -32613, -32610, -32608, -32605, -32602, -32598, -32595,  &
-32589, -32585, -32581, -32578, -32582, -32585, -32590, -32594, -32597, -32600, -32606, -32614, -32622, -32629, -32634,  &
-32640, -32645, -32650, -32634, -32636, -32638, -32640, -32641, -32640, -32636, -32633, -32629, -32626, -32623, -32620,  &
-32616, -32613, -32607, -32602, -32597, -32595, -32599, -32602, -32607, -32611, -32612, -32614, -32619, -32627, -32635,  &
-32642, -32648, -32653, -32658, -32662, -32661, -32663, -32664, -32666, -32667, -32665, -32661, -32657, -32653, -32650,  &
-32646, -32643, -32640, -32637, -32630, -32625, -32620, -32617, -32623, -32628, -32634, -32639, -32643, -32647, -32653,  &
-32660, -32667, -32671, -32674, -32677, -32679, -32681, -32689, -32690, -32692, -32693, -32694, -32692, -32688, -32684,  &
-32680, -32676, -32672, -32669, -32667, -32664, -32658, -32651, -32645, -32643, -32650, -32657, -32664, -32671, -32679,  &
-32685, -32692, -32698, -32705, -32708, -32710, -32712, -32714, -32715, -32712, -32713, -32715, -32716, -32717, -32715,  &
-32711, -32707, -32703, -32698, -32694, -32692, -32691, -32688, -32681, -32674, -32668, -32665, -32674, -32682, -32690,  &
-32699, -32708, -32716, -32724, -32731, -32737, -32742, -32745, -32749, -32752, -32754, -32720, -32721, -32722, -32723,  &
-32724, -32722, -32719, -32715, -32710, -32706, -32701, -32700, -32699, -32696, -32689, -32682, -32676, -32673, -32683,  &
-32692, -32701, -32710, -32721, -32730, -32738, -32745, -32751, -32756, -32759, -32762, -32764, -32767])
 

 
