
integer, parameter :: nlev_temp=17, nlat_temp=37

real, parameter :: level_temp(nlev_temp) = [1000, 925, 850, 700, 600, 500, 400, 300, &
250, 200, 150, 100, 70, 50, 30, 20, 10]

real, parameter, dimension(37) :: lat_temp(nlat_temp) = [90., 87.5, 85., 82.5, 80., 77.5, 75., 72.5, 70., & 
67.5, 65., 62.5, 60., 57.5, 55., 52.5, 50., 47.5, 45., 42.5, 40., 37.5, &
35., 32.5, 30., 27.5, 25., 22.5, 20., 17.5, 15., 12.5, 10., 7.5, 5., 2.5, 0.]

real, parameter :: temp(nlat_temp,nlev_temp) = &
[205, -519, -1901, -2641, -2624, -2930, -4344, -6527, -8735, -10748, -12765, &
-14772, -16455, -17644, -18507, -19299, -20151, -21099, -22156, -23275, &
-24354, -25348, -26300, -27256, -28191, -29058, -29840, -30537, -31132, &
-31612, -31994, -32306, -32546, -32689, -32730, -32723, -32766, &
2782, 1958, 279, -870, -1177, -1591, -3012, -5303, -7698, -9715, -11377, &
-12814, -14019, -14987, -15829, -16668, -17549, -18478, -19454, -20454, &
-21440, -22413, -23401, -24392, -25333, -26190, -26964, -27641, -28189, &
-28609, -28942, -29221, -29445, -29615, -29744, -29833, -29879, &
5465, 4508, 2521, 1065, 567, 63, -1412, -3753, -6165, -8106, -9573, -10749, &
-11754, -12684, -13641, -14652, -15674, -16688, -17718, -18753, -19749, &
-20692, -21616, -22528, -23401, -24212, -24956, -25602, -26108, -26474, &
-26743, -26935, -27041, -27074, -27082, -27092, -27098, &
9679, 8548, 6229, 4634, 4285, 4014, 2635, 272, -2102, -3830, -4966, -5848, &
-6700, -7616, -8620, -9673, -10726, -11780, -12849, -13903, -14903, &
-15861, -16812, -17747, -18642, -19500, -20317, -21033, -21581, -21952, &
-22184, -22298, -22307, -22267, -22241, -22237, -22227, &
5393, 5609, 5986, 6024, 5506, 4576, 3443, 2202, 958, -126, -976, -1710, &
-2500, -3400, -4370, -5382, -6435, -7505, -8542, -9535, -10503, -11454, &
-12382, -13298, -14218, -15132, -15993, -16750, -17358, -17787, -18031, &
-18131, -18145, -18123, -18092, -18067, -18053, &
9513, 9444, 9256, 8990, 8659, 8207, 7559, 6718, 5811, 4986, 4276, 3598, &
2856, 2023, 1116, 152, -851, -1857, -2840, -3794, -4728, -5650, -6573, &
-7520, -8506, -9508, -10472, -11331, -12028, -12533, -12852, -13025, &
-13098, -13111, -13099, -13089, -13089, &
15050, 14966, 14764, 14524, 14245, 13854, 13306, 12649, 11975, 11330, &
10701, 10048, 9341, 8569, 7729, 6836, 5918, 5004, 4107, 3230, 2364, 1489, &
579, -390, -1420, -2474, -3487, -4386, -5121, -5677, -6069, -6328, -6488, &
-6578, -6625, -6646, -6655, &
20651, 20520, 20213, 19886, 19601, 19305, 18935, 18491, 18004, 17479, &
16913, 16324, 15741, 15173, 14608, 14038, 13470, 12902, 12321, 11714, &
11066, 10356, 9554, 8650, 7673, 6693, 5795, 5042, 4451, 4007, 3683, 3459, &
3316, 3230, 3179, 3151, 3142, &
22282, 22194, 21969, 21692, 21432, 21197, 20932, 20572, 20091, 19522, &
18930, 18374, 17880, 17449, 17081, 16769, 16498, 16237, 15952, 15615, &
15210, 14720, 14131, 13448, 12708, 11979, 11334, 10810, 10404, 10096, &
9866, 9706, 9606, 9548, 9518, 9505, 9499, &
22864, 22831, 22721, 22530, 22308, 22098, 21863, 21514, 21012, 20417, &
19818, 19269, 18786, 18397, 18133, 18004, 17982, 18024, 18084, 18121, &
18104, 18025, 17894, 17732, 17558, 17394, 17253, 17135, 17031, 16936, &
16852, 16785, 16735, 16703, 16687, 16681, 16679, &
23327, 23264, 23102, 22900, 22697, 22480, 22201, 21819, 21326, 20742, &
20109, 19478, 18911, 18471, 18198, 18109, 18198, 18436, 18778, 19180, &
19619, 20102, 20646, 21266, 21951, 22658, 23324, 23892, 24336, 24664, &
24898, 25055, 25146, 25187, 25194, 25188, 25190, &
23993, 23995, 23972, 23873, 23666, 23357, 22960, 22479, 21909, 21264, &
20581, 19915, 19333, 18902, 18673, 18665, 18875, 19284, 19859, 20564, &
21379, 22312, 23375, 24564, 25844, 27156, 28425, 29568, 30517, 31251, &
31795, 32188, 32457, 32619, 32701, 32738, 32766, &
24567, 24552, 24496, 24372, 24150, 23819, 23387, 22863, 22253, 21568, &
20850, 20161, 19565, 19113, 18846, 18788, 18940, 19280, 19788, 20445, &
21229, 22116, 23094, 24150, 25258, 26368, 27420, 28361, 29146, 29748, &
30167, 30430, 30571, 30621, 30617, 30595, 30582, &
24411, 24395, 24338, 24208, 23976, 23631, 23189, 22670, 22084, 21440, &
20763, 20107, 19529, 19076, 18781, 18655, 18691, 18873, 19185, 19614, &
20142, 20739, 21374, 22022, 22663, 23273, 23833, 24330, 24760, 25116, &
25389, 25574, 25683, 25742, 25775, 25792, 25797, &
23242, 23188, 23039, 22818, 22541, 22207, 21811, 21356, 20853, 20314, &
19756, 19203, 18693, 18261, 17925, 17687, 17541, 17483, 17506, 17602, &
17759, 17966, 18201, 18438, 18662, 18872, 19070, 19247, 19398, 19539, &
19691, 19855, 20004, 20114, 20190, 20248, 20285, &
21254, 21182, 21004, 20795, 20577, 20320, 20002, 19638, 19242, 18804, &
18316, 17809, 17334, 16924, 16586, 16314, 16096, 15923, 15794, 15713, &
15681, 15680, 15695, 15721, 15763, 15810, 15848, 15878, 15914, 15962, &
16015, 16076, 16157, 16254, 16337, 16379, 16381, &
15718, 15739, 15751, 15662, 15452, 15184, 14940, 14756, 14616, 14456, &
14209, 13866, 13496, 13171, 12887, 12596, 12282, 11968, 11664, 11355, &
11046, 10767, 10535, 10334, 10154, 10006, 9892, 9792, 9698, 9640, 9639, &
9670, 9694, 9711, 9748, 9805, 9843]*-0.001578 + 247.288

